1399539
1399540
1399944
1399976
13991049
13992571
13992611
13992650
13992688
13992731
13992765
13992801
13992087
13992151
13992167
13992207
13992245
13992392
13992395
13992405
13992213
13992450
13992549
13992580
13992597
139910290
139910325
139910384
139910416
139910443
1399210
1399967
13993982
13994061
13995341
13998278
13998370
13998570
13998594
13998604
13995752
13995782
13995797
13995800
13995858
1399198
1399264
1399536
1399591
1399901
139912791
139913040
139913141
139913234
139913242
13995338
13995364
13995425
13995553
13995746
13992778
13992843
13992870
13992896
13992904
139919513
139919572
139919583
139919592
139919630
139912109
139912133
139912161
139912241
139912268
139914657
139914821
139914824
139915100
139915138
