13999687
13999819
139910108
139910115
139910119
13996527
13996545
13996653
13996858
13996868
13996912
13996932
13995887
13996159
13996224
13996237
13996294
13996313
13996344
13996399
13994601
13994633
13994923
13995052
13995078
139913204
139913223
139913337
139913385
139913451
13991182
13991220
13991245
13991729
13991759
139914926
139914942
139915001
13998925
13998930
13998947
13998958
13999104
13996893
13998302
13998605
1399564
1399584
1399786
1399910
1399946
139915198
139915664
139915690
139915814
139915936
13998956
13999094
13999159
13999651
13999659
13994227
13994255
13994261
13994283
13994292
139921421
139921440
139921479
139921502
139921544
139913630
139913631
139913667
139913668
139913669
139921444
139921457
139921551
139921567
139921741
