139910161
139910173
139910212
139910238
139910247
13997133
13997146
13998014
13998033
13998262
13998289
13998552
13996439
13996513
13996550
13996586
13996647
13996836
13996855
13996907
13995135
13995357
13995533
13995627
13995867
139913469
139913470
139913481
139913495
139913505
13991912
13992054
13992069
13992198
13992225
139923271
139923284
139921532
139933
13998812
1399124
1399201
1399205
1399206
139914772
139914906
1399956
1399979
13991002
13991052
13991055
139916030
139916093
139916162
139916170
139916266
13999666
13999681
13999693
13999727
13999731
13994301
13994358
13994418
13994445
13994571
139921549
139921557
139921560
139921562
139921629
139913676
139913679
139913691
139913702
139913703
139921781
139921874
139921877
139921917
139921922
