139910251
139910334
139910361
139910526
139910629
13998735
13998786
13998795
13998803
13998805
13998814
13998819
13996926
13996929
13997115
13997143
13997494
13998019
13998025
13998237
13995883
13995954
13996038
13996139
13996179
139913640
139913726
139913749
139913828
139913966
13992458
13993656
13993999
13994036
13994046
13996663
13996692
13997101
13998902
13997981
13998248
13991044
13991056
13991074
13991083
13991095
13991057
13991059
13991107
13991114
13991205
139916324
139916439
139916679
139917230
139917354
13999840
13999868
13999870
13999873
13999876
13994585
13994590
13994653
13994693
13994739
139921647
139921653
139921661
139921664
139921668
139913724
139913742
139913795
139913799
139913805
139921976
139922258
139922268
139922301
139922403
