139910662
139910769
139910903
139910918
139910950
13998872
13998897
13998907
13998918
13998951
13998963
13999081
13998260
13998286
13998631
13998789
13998790
13998797
13998801
13998804
13996214
13996275
13996284
13996306
13996370
139914030
139914068
139914137
139914201
139914220
13994198
13994625
13994750
13994855
13994934
13999126
13999157
13999384
13999398
13999429
13998948
13999155
13999318
13999385
13999395
13991288
13991311
13991754
13991905
13992072
139917494
139917615
139917947
139917992
139918048
13999883
13999910
139910022
139910026
139910030
13994783
13994829
13994846
13994877
13994916
139921675
139921743
139921787
139921795
139921802
139913858
139913878
139914012
139914028
139914046
139922416
139922446
139922462
139922563
139922592
