139911104
139911130
139911136
139911212
139911253
13999684
13999753
13999766
13999897
139910071
139910074
139910080
13998817
13998896
13998906
13998924
13998940
13998946
13998962
13999061
13996426
13996483
13996501
13996541
13996546
139914557
139914619
139914641
139914649
139914766
13995036
13995124
13995363
13996006
13996090
1399214
1399216
1399234
1399290
1399292
139915064
139915095
139915114
139915132
139915142
13992101
13992110
13992129
13992226
13993833
139918151
139918172
139918219
139918310
139918355
139910057
139910069
139910256
139910262
139910277
13994943
13995068
13995093
13995194
13995246
139921804
139921806
139921826
139921842
139921880
139914116
139914141
139914184
139914213
139914255
139922659
139922682
139922756
139922820
139922825
