139911459
139912000
139912038
139912055
139912367
13999089
13999131
13999488
13999622
13999633
13999640
13999662
13999080
13999086
13999490
13999527
13999528
13999540
13999548
13999552
13996652
13996842
13996902
13996923
13996942
139914830
139914908
139915126
139915146
139915163
13996299
13996335
13996485
13996538
13996588
13998540
13998555
13998578
13998876
13998880
13991099
13991130
13991201
13991294
13991732
13994001
13994039
13994051
13994066
13994116
139918381
139918410
139918448
139918452
139918474
139910376
139910438
139910461
139910502
139910514
13995310
13995311
13995335
13995369
13995411
139921900
139921902
139921910
139921916
139921939
139914656
139914763
139914900
139914914
139915169
139923288
139923294
139923296
139923311
139923312
