139912377
139912460
139912575
139912666
139912709
139910103
139910129
139910144
139910155
139910165
139910183
139910193
13999602
13999650
13999688
13999704
13999752
13999933
13999995
139910028
13996946
13997032
13997112
13997124
13997156
139915291
139915462
139915532
139915591
139915613
13996657
13996671
13996933
13997547
13998867
13999485
13999491
13999558
13999665
13999674
13999403
13999411
13999423
13999426
13999476
13994224
13994414
13994652
13994796
13994887
139918498
139918701
139918792
139918798
139918824
139910529
139910558
139910568
139910575
139910726
13995429
13995768
13995775
13995787
13995843
139921941
139921999
139922193
139922206
139922211
139915190
139915207
139915212
139915227
139915236
