139912749
139912751
139912803
139912933
139913093
139910201
139910207
139910211
139910213
139910217
139910218
139910222
139910042
139910051
139910053
139910062
139910109
139910135
139910139
139910147
13998009
13998236
13998282
13998305
13998545
139915859
139915867
139916004
139916354
139916646
13999145
13999529
13999530
13999556
13999607
1399293
1399303
1399319
1399328
1399335
139915182
139915209
139915217
139915245
139915273
13995026
13995073
13995231
13995312
13995330
139918839
139919068
139919093
139919099
139919178
139910737
139910770
139910816
139910838
139910856
13995924
13995981
13996042
13996056
13996150
139922267
139922284
139922442
139922444
139922479
139915246
139915250
139915288
139915326
139915333
