139913199
139913207
139913407
139913531
139913547
139910223
139910234
139910287
139910330
139910480
139910553
139910559
139910151
139910156
139910166
139910171
139910184
139910214
139910219
139910224
13998634
13998788
13998798
13998800
13998808
139916663
139916705
139916738
139917111
139917388
13999764
139910040
139910127
139910146
139910159
13999098
13999419
13999430
13999452
13999480
13991756
13991924
13992028
13992041
13992079
13995395
13995620
13995681
13995761
13995805
139919322
139919669
139919684
139919695
139919697
139910862
139910868
139910893
139910937
139910989
13996169
13996193
13996212
13996269
13996325
139922507
139922529
139922617
139922625
139922632
139915439
139915447
139915455
139915479
139915502
