139913548
139913557
139913581
139913606
139913716
139910563
139910625
139910626
139910685
139910715
139910739
139910785
139910231
139910292
139910328
139910338
139910364
139910441
139910476
139910555
13998818
13998895
13998923
13998941
13998961
139917453
139917466
139917633
139917682
139917753
139910167
139910198
139910228
139910320
139910356
13999676
13999691
13999744
13999800
13999827
13999482
13999486
13999492
13999551
13999655
13995989
13996032
13996143
13996184
13996221
139919699
139919700
139919701
139919703
139919704
139910999
139911021
139911060
139911090
139911116
13996375
13996385
13996450
13996467
13996510
139922747
139922795
139922821
139923171
139923201
139923207
139915559
139915663
139915820
139915862
139915900
