13991309
13992035
13992165
13992174
13992222
13992847
13992889
13992945
13992958
13993013
13993053
13993072
13992452
13992553
13992583
13992602
13992647
13992685
13992726
13992763
13992629
13992683
13992723
13992761
13992775
139910482
139910557
139910564
139910723
139910730
13995952
13999425
139910402
139911242
139911406
139922438
139922460
139922478
139922570
139922664
139913801
139913809
139913892
139913910
139913942
1399958
13991101
13991171
13995228
13995324
139913280
139913284
139913310
139913311
139913345
13995770
13995783
13995919
13995974
13996039
13992923
13992927
13992986
13993022
13993034
139919649
139919653
139919657
139919673
139919675
139912280
139912291
139912348
139912397
139912410
139915189
139915202
139915380
139915511
139916132
