139913905
139913967
139913994
139914005
139914018
139910797
139910803
139910876
139910898
139910909
139910917
139910929
139910573
139910580
139910622
139910624
139910704
139910750
139910784
139910791
13999060
13999079
13999092
13999150
13999524
139918004
139918082
139918091
139918194
139918245
139910366
139910534
139910645
139910717
139910764
1399378
1399379
1399381
1399383
1399386
139915330
139915351
139915451
139915452
139915565
13996675
13996896
13997104
13998875
13998884
139919705
139919708
139919711
139919727
139919731
139911161
139911177
139911193
139911220
139911291
13996517
13996606
13996623
13996727
13996756
139923219
139923222
139923228
139923248
139923254
139916022
139916072
139916139
139916152
139916277
