139914458
139914670
139914672
139915054
139915147
139910945
139910959
139911041
139911076
139911098
139911101
139911131
139910828
139910847
139910905
139910908
139910915
139910924
139910949
139911036
13999539
13999559
13999638
13999645
13999668
139918332
139918349
139918363
139918370
139918472
139911056
139911103
139911246
139911321
139911368
13999656
13999699
13999703
13999787
13999902
13992088
13992104
13992132
13992136
13992190
13999329
13999417
13999427
13999479
13999701
139919744
139919812
139919883
139920021
139920081
139911351
139911394
139911494
139911625
139911709
13996780
13996846
13996883
13996911
13997129
139921537
139966
1399160
1399200
1399218
1399226
139916358
139916395
139916420
139916470
139916493
