139915187
139915485
139915544
139915763
139915955
139911143
139911180
139911188
139911226
139911239
139911276
139911290
139911049
139911059
139911095
139911096
139911115
139911119
139911124
139911141
13999678
13999682
13999686
13999695
13999750
139918837
139918840
139918867
139918888
139919252
139911410
139911532
139912032
139912095
139912181
13999855
13999877
13999885
13999903
139910050
13999663
13999806
13999848
13999865
13999906
13999804
13999809
13999817
13999853
13999862
139920140
139920297
139920343
139920934
139921037
139911795
139911808
139911814
139911852
139911870
13997140
13998002
13998240
13998251
13998275
1399235
1399240
1399255
1399257
1399275
139916516
139916535
139916544
139916548
139916579
