139915966
139916229
139916921
139917074
139917090
139911296
139911297
139911381
139911456
139911569
139911588
139911711
139911154
139911173
139911269
139911270
139911289
139911293
139911449
139911541
13999886
13999991
139910023
139910036
139910048
139919258
139919270
139919302
139919554
139919814
139912231
139912234
139912333
139912424
139912426
1399391
1399393
1399397
1399398
1399400
139915599
139915668
139915811
139915827
139915829
13999900
13999912
13999917
13999920
139910061
139921039
139921048
139921149
139921204
139921205
139911890
139911892
139911978
139911994
139912022
13998307
13998537
13998547
13998575
13998589
1399284
1399285
1399310
1399314
1399323
139916583
139916693
139916716
139916793
139916807
