139917161
139917434
139917537
139917657
139918030
139911790
139911827
139911874
139911877
139911915
139911960
139911980
139911552
139911557
139911567
139911578
139911670
139911722
139911775
139911854
139910055
139910101
139910111
139910126
139910169
139919847
139919888
139920170
139920264
139920316
139912468
139912520
139912554
139912633
139912669
13999905
13999916
13999918
13999921
13999922
13992211
13992233
13992234
13992253
13992259
139910206
139910236
139910250
139910276
139910298
139921424
139921543
139921546
139921601
139921636
139912042
139912094
139912100
139912132
139912187
13998602
13998614
13998639
13998646
13998807
1399329
1399336
1399388
1399390
1399392
139916899
139916965
139916995
139917003
139917020
