139918477
139918641
139918674
139918857
139919371
139912003
139912016
139912047
139912048
139912084
139912113
139912147
139911911
139911934
139911955
139911967
139911977
139912013
139912014
139912039
139910221
139910229
139910446
139910457
139910606
139920355
139920366
139920382
139921040
139921079
139912746
139912848
139912892
139913032
139913048
139910067
139910081
139910095
139910143
139910197
139910321
139910331
139910341
139910690
139910922
139910420
139910434
139910455
139910674
139910724
139921690
139921758
139921856
139922003
139922091
139912191
139912195
139912226
139912244
139912258
13998864
13998878
13998882
13998893
13998899
1399394
1399406
1399412
1399470
1399497
139917035
139917087
139917107
139917137
139917190
