139919647
139919651
139919768
139919798
139919827
139912273
139912283
139912311
139912340
139912359
139912372
139912412
139912068
139912082
139912083
139912129
139912144
139912146
139912148
139912202
139910618
139910688
139910825
139910830
139910833
139921083
139921384
139921414
139921418
139921425
139913059
139913213
139913230
139913244
139913278
1399405
1399414
1399468
1399488
1399490
139915887
139916057
139916081
139916103
139916166
139910933
139910954
139911300
139911346
139911432
139922205
139922261
139922330
139922342
139922459
139922465
139912288
139912321
139912341
139912380
139912396
13998910
13998917
13998929
13998950
13998957
1399509
1399511
1399518
1399556
1399563
139917191
139917213
139917218
139917309
139917671
