139920019
139920185
139920773
139920858
139920867
139912419
139912543
139912590
139912608
139912694
139912716
139912742
139912219
139912255
139912264
139912316
139912358
139912405
139912440
139912475
139910874
139910880
139910906
139910923
139910946
139921638
139921724
139922518
139922699
139922810
139913340
139913357
139913405
139913449
139913465
13999925
13999927
139910035
139910065
139910090
13992464
13992499
13992530
13992599
13992616
139911657
139911838
139911855
139912012
139912111
139922469
139922669
139922793
139922819
139922830
139923247
139912499
139912513
139912547
139912593
139912602
13999097
13999148
13999378
13999484
13999553
1399570
1399580
1399589
1399784
1399814
139917679
139917857
139917860
139917873
139917883
