139920991
139921441
139921455
139921533
139921569
139912790
139912796
139912906
139912940
139913088
139913128
139913132
139912539
139912569
139912596
139912615
139912640
139912655
139912700
139912764
139910973
139911002
139911088
139911107
139911114
139922815
139922832
139923240
139923289
139913478
139913489
139913629
139913823
139913869
139910245
139910260
139910267
139910295
139910315
139910967
139910980
139911032
139911086
139911168
139912117
139912130
139912165
139912174
139912188
1399209
1399263
1399273
1399294
1399315
139912622
139912631
139912648
139912670
139912671
13999657
13999660
13999672
13999679
13999710
1399937
1399939
1399943
1399969
1399973
139917932
139917989
139918011
139918069
139918171
