139921706
139921799
139921845
139921909
139921986
139913148
139913201
139913279
139913343
139913406
139913408
139913421
139912787
139912788
139912805
139912821
139912836
139912936
139912955
139913030
139911149
139911170
139911184
139911252
139911266
1399180
1399212
1399251
1399252
1399253
139913963
139914033
139914192
139914296
139914622
1399517
1399527
1399562
1399568
1399572
139916181
139916294
139916378
139916414
139916427
139912214
139912236
139912308
139912314
139912390
1399318
1399465
1399475
1399560
1399566
139912687
139912711
139912743
139912783
139912797
13999743
13999782
13999785
13999789
13999820
1399975
1399977
1399978
1399985
1399994
139918203
139918372
139918374
139918384
139918398
