13992252
13992267
13992281
13992752
13993324
13993077
13993136
13993139
13993175
13993200
13993224
13993278
13992798
13992817
13992886
13992954
13992955
13993009
13993050
13993073
13992840
13992903
13992922
13992939
13993018
139910732
139910812
139910869
139910913
139911046
139913395
139913456
139913484
139914079
139915203
13995685
13995763
13995767
13995812
13995830
1399387
1399467
1399471
1399557
1399567
13995361
13995490
13995760
13995798
13995881
139913507
139913617
139913672
139913704
139913740
13996045
13996117
13996163
13996185
13996203
13993052
13993063
13993125
13993172
13993206
139919689
139919720
139919724
139919733
139919737
139912435
139912484
139912517
139912550
139912581
139916446
139916559
139916590
139916591
139916614
