139922622
139922698
139923199
139923261
139923283
139913434
139913463
139913467
139913517
139913518
139913541
139913543
139913081
139913090
139913127
139913143
139913152
139913209
139913265
139913267
139911278
139911337
139911714
139911825
139911850
1399552
1399583
1399938
13991036
13991046
139914630
139914638
139914646
139914651
139914764
139910092
139910094
139910097
139910112
139910122
13992643
13992654
13992666
13992701
13992795
139912404
139912646
139912654
139912663
139912759
1399586
1399688
1399935
1399982
13991015
139912833
139912859
139912932
139913050
139913065
13999860
13999884
139910037
139910058
139910060
13991014
13991048
13991061
13991073
13991078
139918407
139918434
139918471
139918511
139918512
