139923290
139913575
139913579
139913633
139913688
139913736
139913741
139913744
139913294
139913327
139913335
139913372
139913413
139913457
139913464
139913493
139911868
139911904
139911952
139911970
139911990
13991136
13991163
13991164
13991191
13991916
139914903
139914916
139915173
139915222
139915285
139910374
139910398
139910430
139910490
139910517
139911172
139911207
139911234
139911886
139911925
139912923
139912999
139913039
139913121
139913218
13991731
13991755
13991910
13991921
13992026
139913100
139913116
139913131
139913233
139913301
139910068
139910078
139910099
139910116
139910138
13991082
13991097
13991102
13991105
13991139
139918545
139918868
139918981
139918999
139919108
