139923293
139913745
139913790
139913916
139914001
139914011
139914126
139914160
139913522
139913533
139913536
139913545
139913568
139913576
139913662
139913695
139911992
139911997
139912004
139912018
139912073
13992078
13992114
13992146
13992400
13992542
139915509
139915584
139915722
139915776
139915853
1399588
1399735
1399737
1399802
1399903
139916461
139916487
139916529
139916530
139916571
139913282
139913305
139913308
139913360
139913383
13992077
13992100
13992117
13992128
13992256
139913302
139913370
139913373
139913492
139913497
139910191
139910208
139910242
139910264
139910265
13991192
13991206
13991210
13991212
13991217
139919168
139919247
139919361
139919514
139919541
