139923319
139914181
139914252
139914281
139914644
139914661
139914666
139914669
139913708
139913725
139913728
139913730
139913732
139913825
139913846
139913850
139912128
139912145
139912211
139912232
139912300
13992544
13992556
13992681
13992757
13992792
139915878
139915958
139916153
139916226
139916314
139910124
139910142
139910239
139910253
139910281
13992868
13992871
13992884
13992950
13992980
139913506
139913563
139913564
139913674
139913779
13992322
13992495
13992537
13992662
13993859
139913562
139913597
139913636
139913644
139913648
139910284
139910302
139910311
139910359
139910370
13991265
13991313
13991734
13991758
13991928
139919543
139919544
139919575
139919593
139919663
