139923322
139914671
139914705
139914825
139914912
139914982
139915053
139915101
139913900
139913908
139913929
139914015
139914032
139914047
139914121
139914153
139912342
139912434
139912453
139912456
139912572
13992936
13993079
13993304
13993878
13993975
139916612
139916622
139916639
139916654
139916696
139910543
139910584
139910591
139910637
139910657
139912064
139912118
139912172
139912349
139912416
139913863
139913986
139914077
139914163
139914558
13994012
13994053
13994107
13994674
13994838
139913763
139913765
139913792
139913913
139913960
139910372
139910382
139910393
139910427
139910452
13992039
13992045
13992083
13992091
13992109
139919681
139919710
139919721
139919722
139919729
