139923325
139915149
139915167
139915194
139915233
139915323
139915483
139915498
139914278
139914553
139914555
139914560
139914642
139914664
139914665
139914668
139912606
139912705
139912730
139912780
139912812
13994048
13994154
13994470
13994629
13994760
139916720
139917130
139917199
139917355
139917384
1399945
1399959
1399960
1399964
1399996
139916620
139916714
139916790
139916801
139916843
139914636
139914639
139914652
139914769
139914860
13994868
13994908
13995088
13995212
13995362
139914017
139914052
139914228
139914277
139914378
139910465
139910485
139910513
139910522
139910554
13992141
13992143
13992182
13992228
13992240
139919753
139919850
139919869
139919878
139919899
