139923340
139915499
139915756
139915838
139915982
139915996
139916202
139916245
139914741
139914805
139914857
139914994
139915069
139915155
139915164
139915239
139912908
139913025
139913035
139913089
139913123
13995045
13995326
13995581
13995624
13995940
139917446
139917577
139917589
139917609
139917678
139910306
139910387
139910414
139910424
139910550
13993004
13993119
13993148
13993215
13993327
139914928
139914946
139914992
139915471
139915657
13995408
13995546
13995688
13995699
13995756
139914614
139914624
139914647
139914654
139914758
139910570
139910586
139910633
139910655
139910733
13992243
13992264
13992274
13992382
13992559
139919948
139920007
139920014
139920072
139920083
