139923345
139916508
139916541
139916551
139916624
139916692
139917016
139917033
139915298
139915319
139915370
139915504
139915567
139915624
139915646
139915771
139913149
139913316
139913352
139913368
139913453
13995980
13996028
13996070
13996128
13996160
139917686
139917921
139918002
139918073
139918088
139910757
139910806
139910845
139910854
139910865
139912584
139912660
139912690
139912703
139912721
139915809
139915961
139915983
139916067
139916090
13995825
13995839
13995884
13995969
13995994
139914770
139914827
139914890
139914963
139915047
139910765
139910780
139910801
139910848
139910852
13992586
13992625
13992635
13992673
13992707
139920155
139920228
139920268
139920480
139920732
