139917066
139917072
139917085
139917091
139917096
139917116
139917127
139915841
139915922
139916080
139916104
139916199
139916333
139916501
139916584
139913462
139913471
139913498
139913513
139913515
13996301
13996394
13996496
13996537
13996597
139918188
139918215
139918240
139918327
139918345
13991004
13991025
13991040
13991062
13991075
139916977
139917053
139917073
139917079
139917184
139916124
139916178
139916193
139916253
139916273
13996055
13996102
13996111
13996278
13996324
139915077
139915086
139915136
139915204
139915256
139910859
139910895
139910939
139910940
139910955
13992783
13992819
13992873
13992890
13992906
139920761
139920847
139920910
139920911
139920936
