139917141
139917143
139917156
139917248
139917251
139917273
139917291
139916673
139916782
139916819
139916969
139916981
139917001
139917010
139917024
139913561
139913710
139913714
139913719
139913839
13996665
13996682
13996849
13996899
13998539
139918367
139918456
139918833
139918846
139918870
139910740
139910751
139910761
139910775
139910842
13993387
13993431
13993668
13993727
13993735
139916460
139916525
139916670
139916734
139917129
13996380
13996387
13996423
13996552
13996557
139915337
139915459
139915556
139915658
139915659
139910956
139910978
139911001
139911025
139911067
13992926
13992931
13992993
13993030
13993039
139921062
139921066
139921086
139921103
139921137
