13993985
13994033
13994150
13994186
13994327
13993322
13993338
13993354
13993397
13993440
13993711
13993916
13993085
13993133
13993142
13993152
13993196
13993203
13993319
13993335
13993061
13993082
13993166
13993195
13993266
139911055
139911108
139911305
139911373
139911447
139915231
139915428
139915572
139916605
139916689
13998608
13998624
13998627
13998649
13998792
13996147
13996242
13996363
13996415
13996416
13996110
13999415
13999697
139910187
139910472
139913987
139914080
139914081
139914132
139914171
13996216
13996249
13996283
13996314
13996330
13993219
13993285
13993315
13993329
13993382
139919873
139919887
139919904
139919945
139920054
139912595
139912683
139912684
139912698
139912757
139916695
139916940
139917187
139917381
139917449
