139917501
139917566
139917570
139917625
139917654
139917663
139917842
139917051
139917071
139917083
139917088
139917100
139917102
139917122
139917133
139913945
139914002
139914275
139914551
139914643
13998625
13998796
13998809
13998815
13998905
139919054
139919659
139919713
139919743
139919795
139910890
139910902
139910912
139910928
139910944
139912765
139912865
139913028
139913079
139913229
139917238
139917353
139917399
139917456
139917573
13996599
13998538
13998549
13998565
13998618
139915825
139915846
139916099
139916163
139916349
139911069
139911071
139911083
139911089
139911137
13993055
13993089
13993107
13993131
13993157
139921409
139921420
139921443
139921504
139921545
