139918024
139918037
139918085
139918101
139918133
139918209
139918278
139917138
139917149
139917259
139917278
139917337
139917552
139917583
139917661
139914645
139914663
139914667
139914704
139914848
139915079
13998939
13999058
13999090
13999276
13999644
139920315
139920379
139920682
139920755
139921336
13991089
13991133
13991175
13991185
13991194
139917185
139917203
139917217
139917269
139917327
139917600
139917722
139918035
139918138
139918164
13998874
13998944
13998955
13999420
13999706
139916372
139916455
139916479
139916517
139916686
139911162
139911197
139911229
139911312
139911339
13993211
13993253
13993331
13993385
13993644
139921550
139921563
139921568
139921630
139921649
