139918485
139918501
139918505
139918613
139918632
139918666
139918900
139917692
139917821
139917914
139917979
139918026
139918032
139918097
139918125
139915080
139915085
139915315
139915620
139916085
139916361
139910084
139910177
139910186
139910536
139910904
139921637
139921670
139921680
139922373
139922401
139910860
139910884
139910916
139910934
139910962
13993798
13993802
13993856
13993870
13993925
139918216
139918223
139918307
139918357
139918401
13999784
139910131
139910437
139910889
139910985
139916999
139917043
139917077
139917180
139917240
139911384
139911398
139911453
139911608
139911610
13993675
13993733
13993744
13993806
13993831
139921662
139921669
139921681
139921768
139921771
