139918954
139918966
139919022
139919327
139919542
139919545
139919573
139918204
139918271
139918393
139918480
139918500
139918624
139918654
139918660
139916407
139916778
139916858
139917004
139917047
139917097
139910920
139910981
139911106
139911147
139911261
139922644
139922663
139922782
139922808
139922827
139910963
139910966
139910982
139911030
139911063
139913277
139913318
139913355
139913356
139913371
139918465
139918466
139918753
139918823
139918859
139911082
139911217
139911839
139911956
139911968
139917301
139917444
139917504
139917595
139917639
139911616
139911730
139911735
139911829
139911845
13993883
13993885
13993888
13993929
13993971
139921773
139921784
139921789
139921796
139921798
