139919626
139919652
139919660
139919671
139919707
139919732
139919767
139918686
139918891
139918960
139919016
139919047
139919527
139919574
139919625
139917126
139917158
139917289
139917349
139917392
139917489
139912029
139912135
139912251
139912253
139912446
139922494
139922831
139923239
139923344
13991197
13991239
13991248
13991253
13991284
139917395
139917544
139917674
139917699
139917783
139919089
139919668
139919680
139919682
139919683
139912183
139912257
139912263
139912275
139912319
139917667
139917791
139917878
139917950
139917983
139911873
139911893
139911903
139912007
139912035
13993988
13993994
13994004
13994022
13994062
139921801
139921803
139921811
139921818
139921843
