139919822
139919825
139919846
139919886
139920022
139920056
139920126
139919628
139919658
139919661
139919670
139919676
139919688
139919730
139919764
139917507
139917561
139917676
139917683
139917685
139917871
139912603
139912626
139912682
139912767
139912817
139919809
139919820
139919844
139920167
139920181
139911062
139911077
139911283
139911328
139911357
13993980
13994035
13994056
13994070
13994079
139919692
139919741
139919808
139919843
139919898
139912522
139912556
139912599
139912647
139912681
139918156
139918186
139918366
139918391
139918392
139912081
139912099
139912101
139912105
139912143
13994064
13994080
13994092
13994121
13994131
139921865
139921876
139921879
139921912
139921919
