139920184
139920254
139920285
139920378
139920389
139920390
139920628
139919818
139919840
139919871
139919880
139919885
139919949
139920092
139920113
139917909
139917962
139918042
139918056
139918093
139918107
139912841
139912901
139913119
139913237
139913354
1399245
1399291
1399300
1399304
1399322
139911079
139911085
139911092
139911123
139911132
139913376
139913394
139913399
139913432
139913552
139920026
139920053
139920078
139920134
139920295
139912927
139913185
139913225
139913295
139913324
139918422
139918424
139918458
139918503
139918518
139912189
139912198
139912204
139912222
139912235
13994137
13994176
13994212
13994221
13994229
139921943
139921949
139921959
139921964
139921974
