139920657
139920661
139920693
139920694
139920726
139920857
139920866
139920121
139920182
139920246
139920283
139920377
139920590
139920595
139920729
139918199
139918264
139918267
139918380
139918476
139918491
139913468
139913485
139913607
139914075
139914110
1399324
1399466
1399530
1399582
1399972
13991733
13991757
13991927
13992029
13992038
139917885
139917952
139917998
139918008
139918063
139920354
139920748
139921148
139921173
139921203
139913820
139913968
139914044
139914069
139914100
139918559
139918644
139918800
139918816
139918853
139912243
139912247
139912265
139912284
139912297
13994230
13994263
13994274
13994288
13994299
139921987
139922000
139922001
139922174
139922220
