139920890
139920895
139920919
139920988
139921019
139921042
139921067
139920779
139920827
139920856
139920864
139920921
139920983
139921017
139921044
139918617
139918647
139918880
139918887
139918945
139919281
139914648
139914650
139914662
139915218
139915287
1399998
13991042
13991084
13991127
13991151
139911443
139911666
139911680
139911843
139911860
13994091
13994202
13994209
13994225
13994233
139921206
139921335
139921337
139921382
139921634
139914556
139914885
139914935
139915252
139915290
139918984
139919072
139919194
139919518
139919525
139912352
139912374
139912385
139912443
139912462
13994380
13994434
13994437
13994504
13994550
139922229
139922282
139922303
139922374
139922440
