139921080
139921087
139921090
139921093
139921094
139921140
139921172
139921091
139921181
139921189
139921415
139921427
139921446
139921536
139921598
139919536
139919624
139919654
139919662
139919679
139919686
139915617
139916362
139917361
139917877
139917903
13991189
13991199
13991223
13991299
13991730
139911166
139911203
139911233
139911323
139911360
139913600
139913637
139913681
139913713
139913722
139921998
139922210
139922259
139922372
139922439
139922602
139915432
139916157
139916344
139916712
139916729
139919627
139919629
139919648
139919656
139919687
139912482
139912483
139912531
139912535
139912537
13994556
13994576
13994599
13994656
13994703
139922480
139922490
139922511
139922616
139922709
