13994451
13994604
13994610
13995163
13995378
13993921
13994000
13994015
13994029
13994058
13994084
13994100
13993353
13993391
13993435
13993729
13993867
13993876
13993919
13993940
13993310
13993351
13993380
13993705
13993860
139911538
139911816
139912021
139912027
139912180
139916713
139916726
139918235
139918323
139918341
139922668
139922702
139922807
139922826
139923151
139913980
139913984
139914014
139914045
139914103
139910710
139911418
139911526
139913435
139913812
139914543
139914554
139914559
139914627
139914632
13996435
13996468
13996567
13996661
13996721
13993638
13993671
13993683
13993708
13993739
139920069
139920091
139920106
139920191
139920225
139912852
139912941
139912958
139913061
139913074
139917542
139917622
139917677
139917995
139918210
