139921417
139921428
139921429
139921442
139921452
139921454
139921566
139921648
139921716
139921766
139921777
139921779
139921810
139921821
139921839
139919816
139919884
139919995
139920146
139920180
139920193
139917959
139918249
139918254
139918286
139918403
13991914
13992073
13992200
13992208
13992461
13992043
13992081
13992106
13992140
13992179
139918168
139918195
139918330
139918368
139918390
139922653
139922667
139922760
139922829
139923174
139923259
139916756
139917370
139917894
139917923
139918224
139919726
139919734
139919735
139919756
139919852
139912542
139912551
139912566
139912610
139912634
13994710
13994746
13994776
13994824
13994851
139922794
139922798
139923166
139923172
139923203
