139921599
139921740
139921767
139921782
139921807
139921814
139921840
139921847
139921881
139921897
139921898
139921951
139921971
139921975
139921980
139920303
139920385
139920589
139920594
139920863
139920941
139918483
139918877
139919160
139919262
139919274
13992539
13992589
13993076
13993271
13993660
139911945
139912112
139912131
139912155
139912173
13994238
13994254
13994266
13994286
13994297
1399207
1399225
1399230
1399239
1399254
139918378
139918416
139918418
139918450
139918470
139919924
139919931
139919941
139919988
139920057
139912664
139912667
139912675
139912679
139912701
13994881
13994907
13994921
13994947
13995250
139923205
139923212
139923220
139923223
139923229
139923272
