139921844
139921848
139921852
139921885
139921907
139921972
139922289
139922245
139922306
139922404
139922412
139922458
139922505
139922513
139922585
139921188
139921272
139921387
139921413
139921426
139921616
139919623
139919685
139919926
139919993
139920150
13993788
13993936
13994002
13994038
13994068
139911390
139911655
139911660
139911685
139911727
139913778
139913833
139913840
139913927
139913991
1399296
1399307
1399384
1399476
1399545
139918618
139918691
139918699
139918795
139918806
139920100
139920186
139920301
139920405
139920466
139912713
139912727
139912740
139912748
139912754
13995276
13995316
13995320
13995352
13995372
139926
1399101
1399256
1399283
1399309
