139922383
139922445
139922463
139922670
139922704
139922817
139923162
139922590
139922658
139922802
139923159
139923167
139923169
139923173
139923211
139921717
139921722
139921765
139921769
139921800
139921834
139920177
139920188
139920294
139920825
139920862
13994147
13994195
13994309
13994461
13994626
13992193
13992215
13992217
13992239
13992262
139918395
139918420
139918431
139918507
139918520
1399559
1399565
1399585
1399818
1399918
139918814
139918826
139919080
139919097
139919144
139920485
139920650
139920666
139920903
139920909
139912778
139912802
139912844
139912856
139912937
13995373
13995442
13995443
13995450
13995457
1399590
1399941
1399952
1399965
13991051
