139923165
139923170
139923185
139923209
139923215
139923250
139923253
139923214
139921538
139921540
139921846
139921859
139921889
139921893
139922255
139922256
139922314
139922441
139921330
139921531
139921541
139921785
139922078
13994640
13994754
13994860
13995041
13995128
139912176
139912190
139912217
139912230
139912238
13994317
13994472
13994539
13994567
13994583
1399974
1399983
13991058
13991098
13991134
139919591
139919691
139919921
139919987
139920097
139920956
139920974
139920976
139921045
139921063
139913053
139913058
139913069
139913095
139913106
13995521
13995562
13995732
13995776
13995792
13991143
13991181
13991297
13992033
13992051
