1399197
1399204
1399224
1399265
1399278
139959
1399103
1399141
139922443
139922618
139923249
139923270
139923314
139923315
139922406
139923071
139915248
13996018
13996114
13996116
13996206
13996316
139911817
139911849
139911861
139911879
139911899
139914009
139914072
139914120
139914142
139914262
13991291
13991293
13991908
13992056
13992075
139920317
139920345
139920649
139920665
139920938
139921088
139921500
139921548
139921559
139921561
139913135
139913140
139913202
139913226
139913271
13995793
13995852
13995930
13995998
13996065
13992244
13992588
13992805
13992821
13992902
