1399281
1399288
1399312
1399332
1399340
1399399
1399409
1399492
1399196
1399203
1399217
1399220
1399221
1399241
1399244
1399276
1399195
1399202
1399213
1399219
1399232
1399237
13996338
13996476
13996487
13996532
13996543
13992269
13992272
13992469
13992487
13992567
139918524
139918553
139918653
139918695
139918802
13992105
13992113
13992134
13992229
13992249
139921453
139921558
139921564
139921666
139921757
139921565
139921632
139921667
139921677
139921702
139913309
139913380
139913391
139913425
139913440
13996098
13996120
13996133
13996231
13996300
13992965
13993037
13993045
13993162
13993334
