139923230
1399506
1399533
1399550
1399553
1399684
1399794
1399942
1399988
1399279
1399286
1399298
1399311
1399317
1399331
1399333
1399338
1399242
1399268
1399321
1399325
1399330
1399337
13996592
13996645
13996676
13996937
13997022
139912246
139912272
139912351
139912391
139912407
13994679
13994731
13994788
13994843
13994871
13992516
13992908
13993185
13993422
13993795
139922390
139922396
139922425
139922477
139922581
139922689
139921718
139921721
139921748
139921786
139921794
139913460
139913509
139913584
139913589
139913601
13996317
13996340
13996357
13996379
13996390
13993651
13993848
13993895
13993996
13994074
