139923191
13991045
13991071
13991088
13991096
13991106
13991111
13991125
1399396
1399408
1399505
1399507
1399513
1399514
1399541
1399554
1399395
1399512
1399547
1399555
1399947
1399986
13997116
13997548
13998254
13998921
13998933
139911916
139912054
139912075
139912089
139912093
139914291
139914315
139914327
139914381
139914549
13993853
13993862
13994118
13994164
13994199
1399199
1399211
1399215
1399238
1399250
139921809
139921825
139921841
139921858
139921899
139913608
139913613
139913624
139913634
139913643
13996413
13996459
13996504
13996534
13996571
13994090
13994218
13994506
13994554
13994578
