139923224
13991156
13991277
13991315
13991761
13992090
13992145
13992159
1399741
1399907
1399949
1399963
1399987
13991039
13991066
13991079
1399993
13991053
13991103
13991148
13991165
13991235
13999531
13999535
13999758
13999899
13999907
13992603
13992620
13992630
13992670
13992702
139919084
139919102
139919208
139919314
139919512
13994671
13994792
13994895
13995029
13995236
1399260
1399266
1399280
1399295
1399320
139921991
139922173
139922179
139922257
139922263
139913645
139913651
139913656
139913698
139913721
13996612
13996627
13996762
13996786
13996871
13994646
13994772
13994834
13995319
13995354
