13995636
13995817
13996315
13996359
13996860
13994146
13994169
13994189
13994245
13994259
13994324
13994365
13993968
13994009
13994019
13994026
13994043
13994052
13994095
13994112
13993906
13993914
13993926
13993937
13993965
139912207
139912229
139912305
139912337
139912399
139918866
139919739
139920164
139921134
139921497
13995936
13996041
13996047
13996048
13996079
1399578
1399587
1399852
1399898
1399913
139914083
139915196
139915230
139916150
139916243
139916331
139914637
139914640
139914653
139914765
139914918
13996749
13996903
13997139
13997991
13998249
13993804
13993821
13993837
13993843
13993863
139920273
139920278
139920304
139920478
139920487
139913110
139913139
139913195
139913196
139913224
139918387
139918413
139918535
139918567
139918871
