139921028
13992171
13992218
13992247
13992394
13992398
13992406
13992430
13991081
13991092
13991118
13991152
13991250
13991302
13991312
13991760
13991301
13992084
13992116
13992148
13992163
13992203
13999914
139910044
139910152
139910180
139910230
139912411
139912450
139912642
139912653
139912770
13994912
13994940
13995241
13995267
13995277
13995314
13995321
13995333
13995366
13995399
1399327
1399370
1399377
1399382
1399385
139922264
139922273
139922336
139922385
139922400
139913733
139913734
139913735
139913768
139913770
13996888
13996892
13996917
13997128
13997148
13995431
13995456
13995462
13995527
13995570
