13996915
13996935
13998372
13998903
13998952
13994410
13994448
13994589
13994608
13994638
13994660
13994685
13994142
13994160
13994161
13994203
13994239
13994242
13994269
13994321
13994003
13994021
13994031
13994032
13994117
139912430
139912464
139912528
139912561
139912613
1399269
1399289
1399301
1399302
1399308
13998883
13998894
13998900
13998901
13998911
13996484
13996580
13996766
13996790
13996865
139918316
139918468
139919716
139919971
139920050
139920353
139914991
139914995
139915003
139915009
139915016
13998269
13998567
13998584
13998600
13998611
13993890
13993913
13993927
13993978
13994014
139920651
139920845
139920908
139920954
139920957
139913274
139913287
139913313
139913317
139913323
139919516
139919650
139919655
139919664
139919672
