13999134
13999413
13999483
13999487
13999489
13994914
13994959
13995060
13995204
13995273
13995344
13996170
13994376
13994430
13994486
13994597
13994635
13994641
13994654
13994962
13994155
13994232
13994251
13994257
13994315
139912618
139912752
139912854
139912895
139912930
1399401
1399410
1399581
1399897
1399990
139923178
139923187
139923210
139923221
139923263
139914180
139914195
139914211
139914655
139914759
139921408
1399227
1399243
1399248
1399258
1399272
139915020
139915025
139915031
139915040
139915044
13998622
13998787
13998793
13998811
13998862
13994017
13994059
13994075
13994085
13994104
139920975
139921038
139921041
139921046
139921052
139913341
139913369
139913398
139913401
139913443
139919758
139919796
139919815
139920016
139920157
