13999538
13999543
13999606
13999636
13999683
13996186
13996277
13996308
13996372
13996398
13996402
13996475
13995058
13995112
13995140
13995269
13995272
13995350
13995587
13995716
13994374
13994389
13994407
13994442
13994592
139912975
139913033
139913044
139913063
139913115
13991033
13991054
13991060
13991119
13991149
13996199
13996200
13996405
13996502
13996656
1399940
1399966
1399971
1399989
13991006
1399287
1399297
1399306
1399528
1399558
139915052
139915066
139915070
139915072
139915134
13998877
13998881
13998892
13998898
13998949
13994127
13994129
13994174
13994206
13994222
139921065
139921082
139921089
139921271
139921379
139913475
139913487
139913598
139913599
139913620
139920482
139920924
139921043
139921170
139921187
